6
1
2
0 5 28 19 0 -1
7 5 14 19 0 2
haar_x4
2.527749e-01 0 -1
-8.670903e-01 7.815270e-01 
1
2
6 0 16 10 0 -1
6 5 16 5 0 2
haar_y2
5.004976e-02 0 -1
-7.233552e-01 5.144626e-01 
1
2
8 20 12 8 0 -1
8 24 12 4 0 2
haar_y2
-1.448865e-02 0 -1
4.268159e-01 -7.829372e-01 
1
2
4 6 24 22 0 -1
4 6 12 22 0 2
haar_x2
3.959364e-04 0 -1
-6.950291e-01 1.350247e-01 
1
2
0 2 26 22 0 -1
13 2 13 22 0 2
haar_x2
6.637392e-01 0 -1
-2.829838e-02 -3.089594e+03 
1
2
2 2 26 25 0 -1
2 2 13 25 0 2
haar_x2
1.271236e-01 0 -1
3.277768e-01 -9.164382e-01 
-1.531116e+00

0
-1
