7
1
2
10 16 5 12 0 -1
10 20 5 4 0 3
haar_y3
3.765669e-02 0 -1
-3.182865e-01 7.879891e-01 
1
2
16 8 2 6 0 -1
14 10 2 2 0 3
tilted_haar_x3
-1.112080e-03 0 -1
5.588131e-01 -3.603946e-01 
1
2
1 0 15 28 0 -1
1 7 15 14 0 2
haar_y4
8.203430e-02 0 -1
-6.519037e-01 3.779263e-01 
1
2
14 18 3 6 0 -1
12 20 3 2 0 3
tilted_haar_x3
4.408695e-02 0 -1
-6.388295e-02 9.999292e-01 
1
2
14 18 6 3 0 -1
16 20 2 3 0 3
tilted_haar_x3
2.902217e-02 0 -1
-2.275097e-01 9.765261e-01 
1
2
0 6 28 22 0 -1
0 6 14 22 0 2
haar_x2
-1.054631e-01 0 -1
-6.509944e-01 3.927540e-01 
1
2
4 0 17 26 0 -1
4 13 17 13 0 2
haar_y2
-4.551746e-02 0 -1
-9.007353e-01 2.201278e-01 
-1.050464e+00

5
-1
