9
1
2
0 20 28 8 0 -1
7 20 14 8 0 2
haar_x4
4.452015e-02 0 -1
-7.273883e-01 3.802450e-01 
1
2
21 0 7 20 0 -1
16 5 7 10 0 2
tilted_haar_x4
1.769175e-01 0 -1
-2.817765e-01 3.284377e-01 
1
2
0 0 28 2 0 -1
7 0 14 2 0 2
haar_x4
6.427074e-05 0 -1
2.745719e-01 -9.650171e-01 
1
2
0 2 28 9 0 -1
7 2 14 9 0 2
haar_x4
7.259806e-02 0 -1
-6.862878e-01 3.144689e-01 
1
2
2 27 22 1 0 -1
13 27 11 1 0 2
haar_x2
7.455783e-06 0 -1
1.918835e-01 -9.851249e-01 
1
2
16 6 12 18 0 -1
16 6 6 18 0 2
haar_x2
1.003205e-01 0 -1
-4.099993e-01 1.391184e-01 
1
2
0 8 28 18 0 -1
7 8 14 18 0 2
haar_x4
5.570078e-01 0 -1
-8.387569e-03 2.278766e+03 
1
2
25 0 3 28 0 -1
25 7 3 14 0 2
haar_y4
-5.496422e-03 0 -1
-9.670601e-01 2.332926e-01 
1
2
0 0 3 28 0 -1
0 7 3 14 0 2
haar_y4
3.020505e-05 0 -1
1.705535e-01 -9.691016e-01 
-1.243538e+00

4
-1
