6
1
2
3 0 18 10 0 -1
3 5 18 5 0 2
haar_y2
8.526635e-02 0 -1
-4.186808e-01 9.163377e-01 
1
2
0 0 28 28 0 -1
0 14 28 14 0 2
haar_y2
1.634744e-01 0 -1
4.196418e-01 -9.288028e-01 
1
2
12 8 6 2 0 -1
14 10 2 2 0 3
tilted_haar_x3
-5.054296e-03 0 -1
8.945652e-01 -4.447171e-01 
1
2
6 25 19 2 0 -1
6 26 19 1 0 2
haar_y2
-7.534352e-04 0 -1
-7.490680e-01 4.411127e-01 
1
2
11 12 8 3 0 -1
13 14 4 3 0 2
tilted_haar_x4
-1.438002e-03 0 -1
9.335058e-01 -2.645719e-01 
1
2
7 3 20 7 0 -1
7 3 10 7 0 2
haar_x2
1.551962e-01 0 -1
8.144882e-02 -9.528489e-01 
-1.375947e+00

6
-1
