7
1
2
9 1 9 12 0 -1
9 4 9 6 0 2
haar_y4
1.716065e-02 0 -1
-5.232021e-01 9.998367e-01 
1
2
11 10 6 5 0 -1
13 10 2 5 0 3
haar_x3
3.075850e-03 0 -1
8.128753e-01 -4.304776e-01 
1
2
14 18 2 6 0 -1
12 20 2 2 0 3
tilted_haar_y3
-5.241516e-04 0 -1
-3.961158e-01 8.367717e-01 
1
2
4 3 20 4 0 -1
4 5 20 2 0 2
haar_y2
1.705765e-02 0 -1
-2.769244e-01 9.999718e-01 
1
3
4 19 12 2 0 -1
4 19 6 1 0 2
10 20 6 1 0 2
haar_x2_y2
-1.260744e-03 0 -1
-4.061219e-01 7.338535e-01 
1
2
14 8 4 8 0 -1
15 9 2 8 0 2
tilted_haar_y4
2.617049e-03 0 -1
5.402814e-01 -2.693000e-01 
1
2
7 6 16 6 0 -1
11 10 8 6 0 2
tilted_haar_x4
1.258173e-01 0 -1
-4.367602e-01 7.256432e-01 
-1.576499e+00

7
-1
